Cfb :  0.619451550642649 
Cfa :  0.686044736703237 
Dfa :  0.788186915715535 
Dfc :  0.59413404862086 
Dwc :  0.65310310125351 
Af :  0.53886501789093 
EF :  0.345662597815196 
ET :  0.3981125831604 
Aw :  0.583922183513641 
Am :  0.487301353613536 
BSk :  0.474308482805888 
Csb :  0.492807086308797 
Dfb :  0.398184184233348 
Cwb :  0.330741965770721 
BSh :  0.345117966334025 
Dwb :  0.343182150522868 
Csa :  0.272541431585948 
BWk :  0.271762502193451 
BWh :  0.256267098585765 
