Cfb :  9.77370021740595 
Cfa :  13.0709592501322 
Dfa :  13.9225552002589 
Dfc :  5.60802233219147 
Dwc :  5.77406773169835 
Af :  4.32536685069402 
EF :  1.45119138161341 
ET :  1.75756943225861 
Aw :  2.32185003360112 
Am :  1.53147568305333 
BSk :  1.20995336771011 
Csb :  1.7199188152949 
Dfb :  1.49970750013987 
Cwb :  0.720188065369924 
BSh :  0.67309756676356 
Dwb :  1.89613260030746 
Csa :  0.464454130331675 
BWk :  0.41259245077769 
BWh :  0.532154051462809 
